"GEOID";"NAME";"variable";"estimate";"moe";"geometry"
"06037101110";"Census Tract 1011.10, Los Angeles County, California";"B12001_013";913;140;list(list(c(-118.300753, -118.300758, -118.297919, -118.291309, -118.288467, -118.286486, -118.284913, -118.28498, -118.285924, -118.287333, -118.291044, -118.299451, -118.302291, -118.300753, 34.259609, 34.263214, 34.263222, 34.262854, 34.26282, 34.262797, 34.262463, 34.255889, 34.255895, 34.255904, 34.255927, 34.255978, 34.258697, 34.259609)))
"06037101122";"Census Tract 1011.22, Los Angeles County, California";"B12001_013";828;126;list(list(c(-118.303195, -118.299696, -118.299749, -118.29697, -118.289899, -118.290225, -118.285616, -118.285271, -118.281666, -118.278953, -118.279483, -118.277285, -118.277422, -118.278125, -118.278167, -118.28498, -118.284913, -118.286486, -118.288467, -118.291309, -118.297919, -118.297917, -118.302753, -118.303195, 34.273334, 34.275262, 34.276706, 34.278807, 34.278946, 34.271, 34.270541, 34.266434, 34.266011, 34.266541, 34.26363, 34.26363, 34.259903, 34.257602, 34.255768, 34.255889, 34.262463, 34.262797, 34.26282, 34.262854, 34.263222, 34.266849, 34.272001, 34.273334)))
"06037101210";"Census Tract 1012.10, Los Angeles County, California";"B12001_013";1259;198;list(list(c(-118.299451, -118.291044, -118.287333, -118.285924, -118.285925, -118.285924, -118.287591, -118.28862, -118.290104, -118.291215, -118.294696, -118.297919, -118.299451, 34.255978, 34.255927, 34.255904, 34.255895, 34.252274, 34.248018, 34.248173, 34.248614, 34.249364, 34.250225, 34.252336, 34.254511, 34.255978)))
"06037101220";"Census Tract 1012.20, Los Angeles County, California";"B12001_013";742;105;list(list(c(-118.285924, -118.28498, -118.278167, -118.278224, -118.276916, -118.276915, -118.278224, -118.277611, -118.276103, -118.27975, -118.285924, -118.285925, -118.285924, 34.255895, 34.255889, 34.255768, 34.253291, 34.253084, 34.251582, 34.251657, 34.249589, 34.246484, 34.247663, 34.248018, 34.252274, 34.255895)))
"06037101300";"Census Tract 1013, Los Angeles County, California";"B12001_013";1048;166;list(list(c(-118.278224, -118.276915, -118.276916, -118.278224, -118.278167, -118.278125, -118.277422, -118.26529, -118.265238, -118.265264, -118.265295, -118.266672, -118.265999, -118.266016, -118.266024, -118.266733, -118.266803, -118.272473, -118.270685, -118.270474, -118.273615, -118.273907, -118.276295, -118.276103, -118.277611, -118.278224, 34.251657, 34.251582, 34.253084, 34.253291, 34.255768, 34.257602, 34.259903, 34.259954, 34.254617, 34.25238, 34.250402, 34.250779, 34.243892, 34.241535, 34.240356, 34.240796, 34.231235, 34.232527, 34.232995, 34.236937, 34.241304, 34.242918, 34.245152, 34.246484, 34.249589, 34.251657)))
"06037101400";"Census Tract 1014, Los Angeles County, California";"B12001_013";812;93;list(list(c(-118.322382, -118.316711, -118.312384, -118.307074, -118.306236, -118.30796, -118.307037, -118.305772, -118.302632, -118.300253, -118.300254, -118.299451, -118.297919, -118.294696, -118.291215, -118.290104, -118.28862, -118.287591, -118.285924, -118.27975, -118.276103, -118.276295, -118.273907, -118.273615, -118.270474, -118.270685, -118.272473, -118.280036, -118.28606, -118.290771, -118.298148, -118.300392, -118.302303, -118.308004, -118.31116, -118.316559, -118.319387, -118.321123, -118.322382, 34.249631, 34.248602, 34.248867, 34.248124, 34.251114, 34.252408, 34.2524, 34.252082, 34.252388, 34.252869, 34.255983, 34.255978, 34.254511, 34.252336, 34.250225, 34.249364, 34.248614, 34.248173, 34.248018, 34.247663, 34.246484, 34.245152, 34.242918, 34.241304, 34.236937, 34.232995, 34.232527, 34.23421, 34.234236, 34.234821, 34.23462, 34.235064, 34.235841, 34.239841, 34.241379, 34.242724, 34.244418, 34.246415, 34.249631)))
"06037102103";"Census Tract 1021.03, Los Angeles County, California";"B12001_013";468;65;list(list(c(-118.365326, -118.350663, -118.343352, -118.345878, -118.350159, -118.353789, -118.355623, -118.356402, -118.358115, -118.359691, -118.359213, -118.361797, -118.365326, 34.228703, 34.228503, 34.225875, 34.223195, 34.221364, 34.221412, 34.220033, 34.219607, 34.220931, 34.221554, 34.222386, 34.224965, 34.228703)))
"06037102104";"Census Tract 1021.04, Los Angeles County, California";"B12001_013";1032;264;list(list(c(-118.355623, -118.353789, -118.350159, -118.345878, -118.343352, -118.338059, -118.343913, -118.343891, -118.344121, -118.344195, -118.341153, -118.338239, -118.335599, -118.334845, -118.335218, -118.336417, -118.336032, -118.336929, -118.33774, -118.339813, -118.33993, -118.341347, -118.343007, -118.345523, -118.348501, -118.351842, -118.354397, -118.355051, -118.356402, -118.355623, 34.220033, 34.221412, 34.221364, 34.223195, 34.225875, 34.222275, 34.222301, 34.218555, 34.216998, 34.214103, 34.213766, 34.216754, 34.217674, 34.215514, 34.215383, 34.214568, 34.214309, 34.213387, 34.211271, 34.210942, 34.206503, 34.206527, 34.206557, 34.20973, 34.212309, 34.215147, 34.217346, 34.218068, 34.219607, 34.220033)))
"06037102105";"Census Tract 1021.05, Los Angeles County, California";"B12001_013";377;93;list(list(c(-118.35306, -118.351842, -118.348501, -118.345523, -118.343007, -118.34971, -118.350369, -118.353092, -118.35306, 34.213824, 34.215147, 34.212309, 34.20973, 34.206557, 34.206662, 34.206672, 34.208528, 34.213824)))
"06037102107";"Census Tract 1021.07, Los Angeles County, California";"B12001_013";862;141;list(list(c(-118.36777, -118.366452, -118.36092, -118.359445, -118.357469, -118.351326, -118.347838, -118.341007, -118.339444, -118.338209, -118.33319, -118.329998, -118.323808, -118.322382, -118.321123, -118.319387, -118.316559, -118.31116, -118.308004, -118.302303, -118.300392, -118.298148, -118.290771, -118.292037, -118.297249, -118.299165, -118.304507, -118.309385, -118.318031, -118.318046, -118.326586, -118.33547, -118.335235, -118.338492, -118.338059, -118.343352, -118.350663, -118.365326, -118.366475, -118.367123, -118.367582, -118.36777, 34.240369, 34.243021, 34.246764, 34.247116, 34.247053, 34.247332, 34.248479, 34.259285, 34.26024, 34.260316, 34.259487, 34.259677, 34.253081, 34.249631, 34.246415, 34.244418, 34.242724, 34.241379, 34.239841, 34.235841, 34.235064, 34.23462, 34.234821, 34.233878, 34.232604, 34.232613, 34.233704, 34.233493, 34.230466, 34.232079, 34.232206, 34.232027, 34.224491, 34.223343, 34.222275, 34.225875, 34.228503, 34.228703, 34.22992, 34.234213, 34.237255, 34.240369)))
"06037103101";"Census Tract 1031.01, Los Angeles County, California";"B12001_013";664;84;list(list(c(-118.316396, -118.316408, -118.317144, -118.311675, -118.306337, -118.305908, -118.29697, -118.299749, -118.299696, -118.303195, -118.302753, -118.297917, -118.302671, -118.307036, -118.3114, -118.313995, -118.315727, -118.315734, -118.314792, -118.315025, -118.31731, -118.316396, 34.275219, 34.27763, 34.278777, 34.278729, 34.282013, 34.278783, 34.278807, 34.276706, 34.275262, 34.273334, 34.272001, 34.266849, 34.266931, 34.266945, 34.266961, 34.266967, 34.266971, 34.270526, 34.273804, 34.274199, 34.273632, 34.275219)))
"06037103102";"Census Tract 1031.02, Los Angeles County, California";"B12001_013";1010;140;list(list(c(-118.315727, -118.313995, -118.3114, -118.307036, -118.302671, -118.297917, -118.297919, -118.300758, -118.300753, -118.302291, -118.302688, -118.303178, -118.307038, -118.311378, -118.315743, -118.315727, 34.266971, 34.266967, 34.266961, 34.266945, 34.266931, 34.266849, 34.263222, 34.263214, 34.259609, 34.258697, 34.259077, 34.259449, 34.259643, 34.259671, 34.259693, 34.266971)))
"06037103200";"Census Tract 1032, Los Angeles County, California";"B12001_013";1108;192;list(list(c(-118.372959, -118.372548, -118.37094, -118.370754, -118.370621, -118.369402, -118.36723, -118.364855, -118.362688, -118.360345, -118.360345, -118.351734, -118.348153, -118.319509, -118.317144, -118.316408, -118.316396, -118.31731, -118.315025, -118.314792, -118.315734, -118.315727, -118.315743, -118.322312, -118.328729, -118.329998, -118.335804, -118.339451, -118.342795, -118.345081, -118.353009, -118.356176, -118.358346, -118.359027, -118.359293, -118.360291, -118.361509, -118.361447, -118.373013, -118.372959, 34.274524, 34.276411, 34.27872, 34.282117, 34.282487, 34.285988, 34.286318, 34.289436, 34.287843, 34.287647, 34.280435, 34.279435, 34.279018, 34.278832, 34.278777, 34.27763, 34.275219, 34.273632, 34.274199, 34.273804, 34.270526, 34.266971, 34.259693, 34.259742, 34.259726, 34.259677, 34.265779, 34.269021, 34.27053, 34.271073, 34.272094, 34.272515, 34.271569, 34.271292, 34.271466, 34.271385, 34.272238, 34.273177, 34.273902, 34.274524)))
"06037103300";"Census Tract 1033, Los Angeles County, California";"B12001_013";874;106;list(list(c(-118.373179, -118.371198, -118.369284, -118.365479, -118.364179, -118.354206, -118.354051, -118.35007, -118.347323, -118.343224, -118.335804, -118.329998, -118.33319, -118.338209, -118.339444, -118.341007, -118.347838, -118.351326, -118.357469, -118.359445, -118.36092, -118.366452, -118.366638, -118.368785, -118.369463, -118.370655, -118.372622, -118.375557, -118.373179, 34.2581, 34.260326, 34.262832, 34.265971, 34.266174, 34.265928, 34.266725, 34.265955, 34.267857, 34.267798, 34.265779, 34.259677, 34.259487, 34.260316, 34.26024, 34.259285, 34.248479, 34.247332, 34.247053, 34.247116, 34.246764, 34.243021, 34.244287, 34.246265, 34.24938, 34.250859, 34.253765, 34.256787, 34.2581)))
"06037103400";"Census Tract 1034, Los Angeles County, California";"B12001_013";1544;239;list(list(c(-118.328729, -118.322312, -118.315743, -118.311378, -118.307038, -118.303178, -118.302688, -118.302291, -118.299451, -118.300254, -118.300253, -118.302632, -118.305772, -118.307037, -118.30796, -118.306236, -118.307074, -118.312384, -118.316711, -118.322382, -118.323808, -118.329998, -118.328729, 34.259726, 34.259742, 34.259693, 34.259671, 34.259643, 34.259449, 34.259077, 34.258697, 34.255978, 34.255983, 34.252869, 34.252388, 34.252082, 34.2524, 34.252408, 34.251114, 34.248124, 34.248867, 34.248602, 34.249631, 34.253081, 34.259677, 34.259726)))
"06037104103";"Census Tract 1041.03, Los Angeles County, California";"B12001_013";746;119;list(list(c(-118.400849, -118.395211, -118.392681, -118.388407, -118.386127, -118.382932, -118.385675, -118.392071, -118.396108, -118.397578, -118.397604, -118.398416, -118.400849, 34.281586, 34.285597, 34.286378, 34.285375, 34.28484, 34.28409, 34.282091, 34.277431, 34.277965, 34.278668, 34.278684, 34.279291, 34.281586)))
"06037104105";"Census Tract 1041.05, Los Angeles County, California";"B12001_013";1156;158;list(list(c(-118.411686, -118.405117, -118.401833, -118.400849, -118.398416, -118.397604, -118.398681, -118.401965, -118.403279, -118.408532, -118.411686, 34.273686, 34.278475, 34.280869, 34.281586, 34.279291, 34.278684, 34.27789, 34.275495, 34.274537, 34.270706, 34.273686)))
"06037104108";"Census Tract 1041.08, Los Angeles County, California";"B12001_013";874;131;list(list(c(-118.403279, -118.401965, -118.398681, -118.397604, -118.397578, -118.396108, -118.392071, -118.389114, -118.386696, -118.388994, -118.393794, -118.396886, -118.397704, -118.400407, -118.401136, -118.401912, -118.408532, -118.403279, 34.274537, 34.275495, 34.27789, 34.278684, 34.278668, 34.277965, 34.277431, 34.276993, 34.27607, 34.273193, 34.273536, 34.272558, 34.273323, 34.271354, 34.266589, 34.264658, 34.270706, 34.274537)))
"06037104124";"Census Tract 1041.24, Los Angeles County, California";"B12001_013";766;121;list(list(c(-118.392071, -118.385675, -118.382932, -118.386127, -118.385762, -118.384619, -118.386916, -118.386859, -118.382372, -118.382938, -118.381327, -118.379098, -118.378697, -118.375594, -118.371617, -118.37029, -118.367773, -118.367088, -118.365435, -118.362734, -118.362617, -118.360976, -118.361748, -118.361563, -118.360497, -118.360345, -118.362688, -118.364855, -118.36723, -118.369402, -118.370621, -118.370754, -118.37094, -118.372548, -118.372959, -118.373013, -118.379386, -118.389114, -118.392071, 34.277431, 34.282091, 34.28409, 34.28484, 34.284817, 34.289731, 34.289734, 34.291532, 34.291526, 34.293965, 34.294833, 34.29462, 34.296111, 34.29612, 34.298189, 34.298042, 34.300059, 34.301859, 34.300614, 34.300074, 34.298981, 34.297731, 34.296518, 34.292775, 34.293321, 34.287647, 34.287843, 34.289436, 34.286318, 34.285988, 34.282487, 34.282117, 34.27872, 34.276411, 34.274524, 34.273902, 34.274571, 34.276993, 34.277431)))
"06037104201";"Census Tract 1042.01, Los Angeles County, California";"B12001_013";755;122;list(list(c(-118.420729, -118.417448, -118.418632, -118.415792, -118.408143, -118.411424, -118.414706, -118.417991, -118.418623, -118.424018, -118.420729, 34.287727, 34.290119, 34.291764, 34.293841, 34.286821, 34.28443, 34.282037, 34.279642, 34.280239, 34.285327, 34.287727)))
